281 231 279 2 138 
161 234 74 
228 15 131 
296 63 
209 104 245 
206 205 166 
256 18 114 
193 43 19 
290 143 185 
93 255 80 181 
13 253 150 
95 243 
278 72 145 
35 202 217 
149 124 211 
224 249 232 
266 241 147 
123 106 
127 178 188 
61 240 223 
113 29 254 110 
201 220 144 
14 126 41 
3 235 134 
30 70 94 
250 180 88 
170 8 112 
132 191 119 141 
196 155 
252 87 221 280 
177 292 298 
192 130 31 236 
45 176 187 285 
175 100 90 216 
59 89 
7 164 71 
136 198 54 
215 207 
0 225 267 23 
75 287 
140 16 
248 6 32 
58 111 10 
27 244 
105 289 11 
82 237 135 
273 229 37 
24 174 85 
186 51 69 48 
121 261 276 
108 194 102 
139 76 57 275 
152 247 282 
182 65 125 
214 197 258 
233 33 
109 203 157 
283 295 22 
44 128 4 
173 158 204 
107 96 
67 263 239 
146 291 28 269 
115 153 99 
242 25 
294 162 257 
60 40 293 
163 259 
238 34 118 268 38 
227 137 77 
68 213 
148 36 226 
78 219 
171 251 52 
21 142 
101 47 
189 165 270 81 
62 20 274 
66 168 12 
55 284 212 
230 286 103 9 
98 83 
172 260 179 
218 262 200 
167 299 195 
265 208 
272 97 
122 120 64 199 1 
156 117 264 
91 159 246 
133 151 
26 183 56 17 297 
5 50 46 
154 190 
210 79 271 
222 92 53 116 
39 86 84 169 
129 160 49 
277 73 42 
288 184 
